   6.2500000000000000E-002  0.10704821492256948     
  0.12500000000000000       0.20703187423959413     
  0.18750000000000000       0.30100431681536799     
  0.25000000000000000       0.39081071253812061     
  0.31250000000000000       0.46266498978392812     
  0.37500000000000000       0.53636904948539188     
  0.43750000000000000       0.59258496607731903     
  0.50000000000000000       0.64710364587342672     
  0.56250000000000000       0.70702336367186969     
  0.62500000000000000       0.72046649250097550     
  0.68750000000000000       0.73555029491284341     
  0.75000000000000000       0.74202221730432505     
  0.81250000000000000       0.71867964038761156     
  0.87500000000000000       0.70896724978989833     
  0.93750000000000000       0.71710446249120052     
   1.0000000000000000       0.68451868200257182     



   6.2500000000000000E-002  0.10243841871711565     
  0.12500000000000000       0.20823929417331405     
  0.18750000000000000       0.30750053295470442     
  0.25000000000000000       0.40290778585258102     
  0.31250000000000000       0.47953691738464460     
  0.37500000000000000       0.55924028934244085     
  0.43750000000000000       0.61830088185248211     
  0.50000000000000000       0.67359274293145210     
  0.56250000000000000       0.73706691514410316     
  0.62500000000000000       0.74990112680420029     
  0.68750000000000000       0.76326160439107238     
  0.75000000000000000       0.76907480508503501     
  0.81250000000000000       0.74615825102040023     
  0.87500000000000000       0.73595666153691985     
  0.93750000000000000       0.74055198103478159     
   1.0000000000000000       0.71714030892236369     



   6.2500000000000000E-002   9.7527368959224564E-002
  0.12500000000000000       0.20819027003262933     
  0.18750000000000000       0.31232847436725525     
  0.25000000000000000       0.41281175679011423     
  0.31250000000000000       0.49412324218158732     
  0.37500000000000000       0.57915229108950150     
  0.43750000000000000       0.64079339676589842     
  0.50000000000000000       0.69705732864025705     
  0.56250000000000000       0.76307471982495922     
  0.62500000000000000       0.77582075424373576     
  0.68750000000000000       0.78825753901399975     
  0.75000000000000000       0.79416172573296584     
  0.81250000000000000       0.77191653515314240     
  0.87500000000000000       0.76129891037444475     
  0.93750000000000000       0.76344302668966135     
   1.0000000000000000       0.74889848751493371     



   6.2500000000000000E-002   9.2478431651697265E-002
  0.12500000000000000       0.20696005985127450     
  0.18750000000000000       0.31545648242218727     
  0.25000000000000000       0.42040573262166159     
  0.31250000000000000       0.50611433301271702     
  0.37500000000000000       0.59571699028737601     
  0.43750000000000000       0.65968907648248154     
  0.50000000000000000       0.71702975550795867     
  0.56250000000000000       0.78473445854918056     
  0.62500000000000000       0.79781425537927975     
  0.68750000000000000       0.80990957691304555     
  0.75000000000000000       0.81629530639199954     
  0.81250000000000000       0.79483694425258777     
  0.87500000000000000       0.78376764160111623     
  0.93750000000000000       0.78448360811123086     
   1.0000000000000000       0.77844855238088162     



   6.2500000000000000E-002   8.7440634191594521E-002
  0.12500000000000000       0.20470774877487624     
  0.18750000000000000       0.31699616110623086     
  0.25000000000000000       0.42580761181677990     
  0.31250000000000000       0.51551877926922951     
  0.37500000000000000       0.60894724320542426     
  0.43750000000000000       0.67503250100226797     
  0.50000000000000000       0.73346900907601764     
  0.56250000000000000       0.80218930364348651     
  0.62500000000000000       0.81593487920201868     
  0.68750000000000000       0.82807934898090374     
  0.75000000000000000       0.83506684885556881     
  0.81250000000000000       0.81443294344974038     
  0.87500000000000000       0.80288033206797838     
  0.93750000000000000       0.80307540813477840     
   1.0000000000000000       0.80516996823202425     



   6.2500000000000000E-002   8.2534031085891260E-002
  0.12500000000000000       0.20162739836892549     
  0.18750000000000000       0.31713501493770091     
  0.25000000000000000       0.42925483848591095     
  0.31250000000000000       0.52253276076230759     
  0.37500000000000000       0.61909540086890391     
  0.43750000000000000       0.68710831675305051     
  0.50000000000000000       0.74659276298781396     
  0.56250000000000000       0.81582589961541430     
  0.62500000000000000       0.83048726999616951     
  0.68750000000000000       0.84291551715515289     
  0.75000000000000000       0.85044939424038213     
  0.81250000000000000       0.83063554504956583     
  0.87500000000000000       0.81862884674884639     
  0.93750000000000000       0.81906732907433621     
   1.0000000000000000       0.82889597554284400     



   6.2500000000000000E-002   7.7844986320153811E-002
  0.12500000000000000       0.19791446323319553     
  0.18750000000000000       0.31608967512635922     
  0.25000000000000000       0.43102681197492365     
  0.31250000000000000       0.52744183390745369     
  0.37500000000000000       0.62652839601455024     
  0.43750000000000000       0.69630866710819472     
  0.50000000000000000       0.75674716042879675     
  0.56250000000000000       0.82612470190448828     
  0.62500000000000000       0.84188044351469582     
  0.68750000000000000       0.85471038577611691     
  0.75000000000000000       0.86263964656155190     
  0.81250000000000000       0.84362205667691614     
  0.87500000000000000       0.83126519221658590     
  0.93750000000000000       0.83256057785692106     
   1.0000000000000000       0.84971398097008588     



   6.2500000000000000E-002   7.3428144261603601E-002
  0.12500000000000000       0.19374658553561294     
  0.18750000000000000       0.31407683454236845     
  0.25000000000000000       0.43140039312703798     
  0.31250000000000000       0.53055722114227255     
  0.37500000000000000       0.63164635483394715     
  0.43750000000000000       0.70305038222255778     
  0.50000000000000000       0.76432174378094841     
  0.56250000000000000       0.83357257938417340     
  0.62500000000000000       0.85054261729639746     
  0.68750000000000000       0.86381328129604606     
  0.75000000000000000       0.87194941283848271     
  0.81250000000000000       0.85369826146803707     
  0.87500000000000000       0.84115882201370229     
  0.93750000000000000       0.84378038073268768     
   1.0000000000000000       0.86783899140704401     



   6.2500000000000000E-002   6.9311890514854368E-002
  0.12500000000000000       0.18927528788410095     
  0.18750000000000000       0.31129719953966034     
  0.25000000000000000       0.43062860811661230     
  0.31250000000000000       0.53217940365333338     
  0.37500000000000000       0.63483628335646480     
  0.43750000000000000       0.70773056035019699     
  0.50000000000000000       0.76970132143051062     
  0.56250000000000000       0.83862074467908154     
  0.62500000000000000       0.85687966261766146     
  0.68750000000000000       0.87058386095460838     
  0.75000000000000000       0.87873803610522538     
  0.81250000000000000       0.86122475263904974     
  0.87500000000000000       0.84871305786048101     
  0.93750000000000000       0.85300156471429156     
   1.0000000000000000       0.88354124367175235     



   6.2500000000000000E-002   6.5504958854846057E-002
  0.12500000000000000       0.18462461863668295     
  0.18750000000000000       0.30792811151100102     
  0.25000000000000000       0.42893324706887404     
  0.31250000000000000       0.53258015288698224     
  0.37500000000000000       0.63644908827371194     
  0.43750000000000000       0.71070644634794589     
  0.50000000000000000       0.77324241347047939     
  0.56250000000000000       0.84166968674862064     
  0.62500000000000000       0.86125906896140936     
  0.68750000000000000       0.87536888017775971     
  0.75000000000000000       0.88337282917818949     
  0.81250000000000000       0.86657341189347692     
  0.87500000000000000       0.85432108515934191     
  0.93750000000000000       0.86050926232564739     
   1.0000000000000000       0.89710755789497310     



   6.2500000000000000E-002   6.2002728337983350E-002
  0.12500000000000000       0.17989346749704951     
  0.18750000000000000       0.30412146081294578     
  0.25000000000000000       0.42650461095580472     
  0.31250000000000000       0.53199579345132275     
  0.37500000000000000       0.63679053237071426     
  0.43750000000000000       0.71228886016888271     
  0.50000000000000000       0.77526393603478772     
  0.56250000000000000       0.84306784591735362     
  0.62500000000000000       0.86400667464286240     
  0.68750000000000000       0.87849122705783700     
  0.75000000000000000       0.88620682511274473     
  0.81250000000000000       0.87010263167731539     
  0.87500000000000000       0.85834527396590066     
  0.93750000000000000       0.86657955950269516     
   1.0000000000000000       0.90882151182180837     



   6.2500000000000000E-002   5.8792429213959864E-002
  0.12500000000000000       0.17515928930805411     
  0.18750000000000000       0.30000450799912115     
  0.25000000000000000       0.42350422809132715     
  0.31250000000000000       0.53062674906476370     
  0.37500000000000000       0.63611999370553685     
  0.43750000000000000       0.71274257271642960     
  0.50000000000000000       0.77604525306714145     
  0.56250000000000000       0.84311609983296054     
  0.62500000000000000       0.86540863868148687     
  0.68750000000000000       0.88024485603623592     
  0.75000000000000000       0.88756668729151078     
  0.81250000000000000       0.87214376872852395     
  0.87500000000000000       0.86110900914662414     
  0.93750000000000000       0.87147030696646266     
   1.0000000000000000       0.91895330624215621     



   6.2500000000000000E-002   5.5856963079254897E-002
  0.12500000000000000       0.17048191941708957     
  0.18750000000000000       0.29568205845106121     
  0.25000000000000000       0.42006828913165323     
  0.31250000000000000       0.52864022994986148     
  0.37500000000000000       0.63465332571160382     
  0.43750000000000000       0.71228994805623524     
  0.50000000000000000       0.77582757288759541     
  0.56250000000000000       0.84207377591150279     
  0.62500000000000000       0.86571471242988041     
  0.68750000000000000       0.88089232114043625     
  0.75000000000000000       0.88774637285972835     
  0.81250000000000000       0.87299425322687518     
  0.87500000000000000       0.86289459284193448     
  0.93750000000000000       0.87541654815608549     
   1.0000000000000000       0.92775420844062395     



   6.2500000000000000E-002   5.3177391109437970E-002
  0.12500000000000000       0.16590687019005773     
  0.18750000000000000       0.29123907244504271     
  0.25000000000000000       0.41631079602266269     
  0.31250000000000000       0.52617415074292995     
  0.37500000000000000       0.63256759791925188     
  0.43750000000000000       0.71111583785032240     
  0.50000000000000000       0.77481657014431005     
  0.56250000000000000       0.84016410971311717     
  0.62500000000000000       0.86514109572619824     
  0.68750000000000000       0.88066339642850500     
  0.75000000000000000       0.88700402523889021     
  0.81250000000000000       0.87291465680530866     
  0.87500000000000000       0.86394374765758530     
  0.93750000000000000       0.87862781752092545     
   1.0000000000000000       0.93545298947902589     



   6.2500000000000000E-002   5.0734356528861636E-002
  0.12500000000000000       0.16146794567044309     
  0.18750000000000000       0.28674324062657719     
  0.25000000000000000       0.41232614029751707     
  0.31250000000000000       0.52334118585692480     
  0.37500000000000000       0.63000638273119547     
  0.43750000000000000       0.70937262624677955     
  0.50000000000000000       0.77318528396663444     
  0.56250000000000000       0.83757841506433472     
  0.62500000000000000       0.86387251397980236     
  0.68750000000000000       0.87975434785795836     
  0.75000000000000000       0.88556084023621262     
  0.81250000000000000       0.87212820157093374     
  0.87500000000000000       0.86445915182245292     
  0.93750000000000000       0.88128631949855329     
   1.0000000000000000       0.94225335061919968     



   6.2500000000000000E-002   4.8508781503818592E-002
  0.12500000000000000       0.15718924546869678     
  0.18750000000000000       0.28224733829485410     
  0.25000000000000000       0.40819118600958554     
  0.31250000000000000       0.52023242618576038     
  0.37500000000000000       0.62708482760010364     
  0.43750000000000000       0.70718486307644413     
  0.50000000000000000       0.77107699934048601     
  0.56250000000000000       0.83447904135592843     
  0.62500000000000000       0.86206387434762810     
  0.68750000000000000       0.87832801294622687     
  0.75000000000000000       0.88360142152700805     
  0.81250000000000000       0.87082190029114281     
  0.87500000000000000       0.86460654613664167     
  0.93750000000000000       0.88354595886525955     
   1.0000000000000000       0.94833222607396461     



   6.2500000000000000E-002   4.6482146066491668E-002
  0.12500000000000000       0.15308671701779417     
  0.18750000000000000       0.27779132777881682     
  0.25000000000000000       0.40396706399903048     
  0.31250000000000000       0.51692047695265730     
  0.37500000000000000       0.62389415457076436     
  0.43750000000000000       0.70465327452773641     
  0.50000000000000000       0.76860811775676263     
  0.56250000000000000       0.83100158642181732     
  0.62500000000000000       0.85984207171808569     
  0.68750000000000000       0.87651501163725676     
  0.75000000000000000       0.88127547355962177     
  0.81250000000000000       0.86914887461934898     
  0.87500000000000000       0.86451743602314801     
  0.93750000000000000       0.88553250364542102     
   1.0000000000000000       0.95383917832819431     



   6.2500000000000000E-002   4.4636573366100094E-002
  0.12500000000000000       0.14916941946229340     
  0.18750000000000000       0.27340424689175186     
  0.25000000000000000       0.39970088188858521     
  0.31250000000000000       0.51346206323808752     
  0.37500000000000000       0.62050550693845186     
  0.43750000000000000       0.70185817005216466     
  0.50000000000000000       0.76587109421063926     
  0.56250000000000000       0.82725689568750693     
  0.62500000000000000       0.85730836353801732     
  0.68750000000000000       0.87441625082235874     
  0.75000000000000000       0.87870068980626548     
  0.81250000000000000       0.86723151602537174     
  0.87500000000000000       0.86429245641849228     
  0.93750000000000000       0.88734502348100841     
   1.0000000000000000       0.95889702972830848     



   6.2500000000000000E-002   4.2954859760691341E-002
  0.12500000000000000       0.14544062645357331     
  0.18750000000000000       0.26910593624755053     
  0.25000000000000000       0.39542748320164472     
  0.31250000000000000       0.50990030589317004     
  0.37500000000000000       0.61697322592055359     
  0.43750000000000000       0.69886238868163464     
  0.50000000000000000       0.76293747397658396     
  0.56250000000000000       0.82333323085572996     
  0.62500000000000000       0.85454141489081714     
  0.68750000000000000       0.87210657723450691     
  0.75000000000000000       0.87596655665849377     
  0.81250000000000000       0.86516515914929237     
  0.87500000000000000       0.86400529625143185     
  0.93750000000000000       0.88905842656903000     
   1.0000000000000000       0.96360361934895311     



   6.2500000000000000E-002   4.1420522700676254E-002
  0.12500000000000000       0.14189884641088610     
  0.18750000000000000       0.26490864442744377     
  0.25000000000000000       0.39117129612365764     
  0.31250000000000000       0.50626682582119764     
  0.37500000000000000       0.61333770203260829     
  0.43750000000000000       0.69571395705829431     
  0.50000000000000000       0.75986099324292100     
  0.56250000000000000       0.81929877221003222     
  0.62500000000000000       0.85160082552811200     
  0.68750000000000000       0.86963917390037648     
  0.75000000000000000       0.87313867410603163     
  0.81250000000000000       0.86302193858852116     
  0.87500000000000000       0.86370689972748893     
  0.93750000000000000       0.89072665976336829     
   1.0000000000000000       0.96803434505844810     



   6.2500000000000000E-002   4.0017895215984006E-002
  0.12500000000000000       0.13853879555114540     
  0.18750000000000000       0.26081852823945956     
  0.25000000000000000       0.38694823393974842     
  0.31250000000000000       0.50258377394806564     
  0.37500000000000000       0.60962793616118693     
  0.43750000000000000       0.69244859056437047     
  0.50000000000000000       0.75668066407863421     
  0.56250000000000000       0.81520443327003955     
  0.62500000000000000       0.84853080552444171     
  0.68750000000000000       0.86705020011391032     
  0.75000000000000000       0.87026318403659952     
  0.81250000000000000       0.86085455483055140     
  0.87500000000000000       0.86342959929821261     
  0.93750000000000000       0.89238606823157596     
   1.0000000000000000       0.97224506850606329     



   6.2500000000000000E-002   3.8732266036312836E-002
  0.12500000000000000       0.13535233159796628     
  0.18750000000000000       0.25683704991215894     
  0.25000000000000000       0.38276756764213227     
  0.31250000000000000       0.49886581326321877     
  0.37500000000000000       0.60586390085374486     
  0.43750000000000000       0.68909209648337089     
  0.50000000000000000       0.75342375588332822     
  0.56250000000000000       0.81108685791393553     
  0.62500000000000000       0.84536367695871462     
  0.68750000000000000       0.86436324244971108     
  0.75000000000000000       0.86737099006463936     
  0.81250000000000000       0.85869977847780754     
  0.87500000000000000       0.86319090784840391     
  0.93750000000000000       0.89405852532127539     
   1.0000000000000000       0.97627503340496813     



   6.2500000000000000E-002   3.7550043488463060E-002
  0.12500000000000000       0.13232934417841219     
  0.18750000000000000       0.25296226731738425     
  0.25000000000000000       0.37863368870991210     
  0.31250000000000000       0.49512202660546673     
  0.37500000000000000       0.60205874071638288     
  0.43750000000000000       0.68566266892830352     
  0.50000000000000000       0.75010859458590151     
  0.56250000000000000       0.80697142830245816     
  0.62500000000000000       0.84212298157938414     
  0.68750000000000000       0.86159329086633163     
  0.75000000000000000       0.86448158222780414     
  0.81250000000000000       0.85658162895708911     
  0.87500000000000000       0.86299684152162903     
  0.93750000000000000       0.89575414374868512     
   1.0000000000000000       0.98014960213384750     



   6.2500000000000000E-002   3.6458908591528102E-002
  0.12500000000000000       0.12945859176893465     
  0.18750000000000000       0.24919001023282492     
  0.25000000000000000       0.37454770002452903     
  0.31250000000000000       0.49135769516293204     
  0.37500000000000000       0.59822080430066982     
  0.43750000000000000       0.68217301742443426     
  0.50000000000000000       0.74674710704521718     
  0.56250000000000000       0.80287510803704087     
  0.62500000000000000       0.83882608850642748     
  0.68750000000000000       0.85875008670334430     
  0.75000000000000000       0.86160637652240291     
  0.81250000000000000       0.85451422794683152     
  0.87500000000000000       0.86284477436114071     
  0.93750000000000000       0.89747355946290497     
   1.0000000000000000       0.98388276240359829     



   6.2500000000000000E-002   3.5447920475398652E-002
  0.12500000000000000       0.12672846470048985     
  0.18750000000000000       0.24551492657753221     
  0.25000000000000000       0.37050879313179036     
  0.31250000000000000       0.48757587997916096     
  0.37500000000000000       0.59435546130180972     
  0.43750000000000000       0.67863224670383648     
  0.50000000000000000       0.74334703530313595     
  0.56250000000000000       0.79880895833807819     
  0.62500000000000000       0.83548627096496175     
  0.68750000000000000       0.85584076406150467     
  0.75000000000000000       0.85875151598747645     
  0.81250000000000000       0.85250433299607919     
  0.87500000000000000       0.86272588970983055     
  0.93750000000000000       0.89920988077873598     
   1.0000000000000000       0.98747943996613774     



   6.2500000000000000E-002   3.4507546835310730E-002
  0.12500000000000000       0.12412763887096312     
  0.18750000000000000       0.24193136720305716     
  0.25000000000000000       0.36651537863004902     
  0.31250000000000000       0.48377873483222372     
  0.37500000000000000       0.59046663178011538     
  0.43750000000000000       0.67504740132534380     
  0.50000000000000000       0.73991374287872891     
  0.56250000000000000       0.79478019140425704     
  0.62500000000000000       0.83211425034017872     
  0.68750000000000000       0.85287173778755765     
  0.75000000000000000       0.85592007887682997     
  0.81250000000000000       0.85055352575140986     
  0.87500000000000000       0.86262729290443807     
  0.93750000000000000       0.90095041872672210     
   1.0000000000000000       0.99093767178000924     



   6.2500000000000000E-002   3.3629610986946203E-002
  0.12500000000000000       0.12164557594265227     
  0.18750000000000000       0.23843406673555992     
  0.25000000000000000       0.36256593827183647     
  0.31250000000000000       0.47996848561436378     
  0.37500000000000000       0.58655794758845192     
  0.43750000000000000       0.67142460582408114     
  0.50000000000000000       0.73645154905840537     
  0.56250000000000000       0.79079367081165020     
  0.62500000000000000       0.82871921514773039     
  0.68750000000000000       0.84984982398409092     
  0.75000000000000000       0.85311364525593913     
  0.81250000000000000       0.84866000351580717     
  0.87500000000000000       0.86253382235241327     
  0.93750000000000000       0.90267829571470692     
   1.0000000000000000       0.99425067638045472     



   6.2500000000000000E-002   3.2807168116340789E-002
  0.12500000000000000       0.11927283485919540     
  0.18750000000000000       0.23501858446039497     
  0.25000000000000000       0.35865957691552702     
  0.31250000000000000       0.47614803651895338     
  0.37500000000000000       0.58263349007804288     
  0.43750000000000000       0.66776977224977840     
  0.50000000000000000       0.73296456788539921     
  0.56250000000000000       0.78685283905816727     
  0.62500000000000000       0.82530934405282719     
  0.68750000000000000       0.84678264270672943     
  0.75000000000000000       0.85033321716802457     
  0.81250000000000000       0.84681993316652027     
  0.87500000000000000       0.86242957845583523     
  0.93750000000000000       0.90437400237574361     
   1.0000000000000000       0.99740883521651791     



   6.2500000000000000E-002   3.2034338123138668E-002
  0.12500000000000000       0.11700118808584067     
  0.18750000000000000       0.23168149737113045     
  0.25000000000000000       0.35479627887056686     
  0.31250000000000000       0.47232120890143792     
  0.37500000000000000       0.57869810188343485     
  0.43750000000000000       0.66408890735667403     
  0.50000000000000000       0.72945709190779950     
  0.56250000000000000       0.78296013963821098     
  0.62500000000000000       0.82189190971362613     
  0.68750000000000000       0.84367844037243922     
  0.75000000000000000       0.84757956530209611     
  0.81250000000000000       0.84502837323398650     
  0.87500000000000000       0.86229919317588910     
  0.93750000000000000       0.90601694680197820     
   1.0000000000000000        1.0004015801839137     



   6.2500000000000000E-002   3.1306126004455016E-002
  0.12500000000000000       0.11482357196141647     
  0.18750000000000000       0.22842037677483351     
  0.25000000000000000       0.35097691064165820     
  0.31250000000000000       0.46849267279987228     
  0.37500000000000000       0.57475733697537446     
  0.43750000000000000       0.66038811202525227     
  0.50000000000000000       0.72593362510158110     
  0.56250000000000000       0.77911708095022636     
  0.62500000000000000       0.81847309897804177     
  0.68750000000000000       0.84054554570724160     
  0.75000000000000000       0.84485315387381632     
  0.81250000000000000       0.84327982734470497     
  0.87500000000000000       0.86212887127862015     
  0.93750000000000000       0.90758700436374118     
   1.0000000000000000        1.0032191573265796     



   6.2500000000000000E-002   3.0618254063085826E-002
  0.12500000000000000       0.11273392664176235     
  0.18750000000000000       0.22523361202993780     
  0.25000000000000000       0.34720304412331748     
  0.31250000000000000       0.46466767292924460     
  0.37500000000000000       0.57081716573955077     
  0.43750000000000000       0.65667339973906014     
  0.50000000000000000       0.72239870676194728     
  0.56250000000000000       0.77532413061160621     
  0.62500000000000000       0.81505772211843364     
  0.68750000000000000       0.83739170070549684     
  0.75000000000000000       0.84215383793914744     
  0.81250000000000000       0.84156852879251809     
  0.87500000000000000       0.86190722287458199     
  0.93750000000000000       0.90906601637658102     
   1.0000000000000000        1.0058541913026782     



   6.2500000000000000E-002   2.9967019074673865E-002
  0.12500000000000000       0.11072698726318786     
  0.18750000000000000       0.22212015704098653     
  0.25000000000000000       0.34347668697989009     
  0.31250000000000000       0.46085166451947568     
  0.37500000000000000       0.56688357093907071     
  0.43750000000000000       0.65295045468293866     
  0.50000000000000000       0.71885666271975479     
  0.56250000000000000       0.77158061298610503     
  0.62500000000000000       0.81164897400428249     
  0.68750000000000000       0.83422347319902534     
  0.75000000000000000       0.83948051636681986     
  0.81250000000000000       0.83988855627035064     
  0.87500000000000000       0.86162586745584413     
  0.93750000000000000       0.91043910946977413     
   1.0000000000000000        1.0083029168877875     



   6.2500000000000000E-002   2.9349178085797862E-002
  0.12500000000000000       0.10879807665573635     
  0.18750000000000000       0.21907926659702642     
  0.25000000000000000       0.33979999814524442     
  0.31250000000000000       0.45704995848639979     
  0.37500000000000000       0.56296215407522732     
  0.43750000000000000       0.64922441205281145     
  0.50000000000000000       0.71531137966532321     
  0.56250000000000000       0.76788471857550156     
  0.62500000000000000       0.80824835489036972     
  0.68750000000000000       0.83104587726984924     
  0.75000000000000000       0.83683087114588428     
  0.81250000000000000       0.83823385437680997     
  0.87500000000000000       0.86127974456579215     
  0.93750000000000000       0.91169565171623446     
   1.0000000000000000        1.0105659089657064     



   6.2500000000000000E-002   2.8761861653953964E-002
  0.12500000000000000       0.10694293120754481     
  0.18750000000000000       0.21611026949859455     
  0.25000000000000000       0.33617504416246080     
  0.31250000000000000       0.45326744173499695     
  0.37500000000000000       0.55905783293739630     
  0.43750000000000000       0.64549969866412438     
  0.50000000000000000       0.71176614776267588     
  0.56250000000000000       0.76423365309099311     
  0.62500000000000000       0.80485578483056808     
  0.68750000000000000       0.82786223848915519     
  0.75000000000000000       0.83420126071033740     
  0.81250000000000000       0.83659820538450913     
  0.87500000000000000       0.86086705801376440     
  0.93750000000000000       0.91282967508069279     
   1.0000000000000000        1.0126481780415122     



   6.2500000000000000E-002   2.8202512051921553E-002
  0.12500000000000000       0.10515757422725072     
  0.18750000000000000       0.21321240363566793     
  0.25000000000000000       0.33260362667164123     
  0.31250000000000000       0.44950840164065037     
  0.37500000000000000       0.55517466715628805     
  0.43750000000000000       0.64177994306329333     
  0.50000000000000000       0.70822358026213217     
  0.56250000000000000       0.76062389163039967     
  0.62500000000000000       0.80146988625632043     
  0.68750000000000000       0.82467427687115646     
  0.75000000000000000       0.83158678970463773     
  0.81250000000000000       0.83497519206956017     
  0.87500000000000000       0.86038883765172991     
  0.93750000000000000       0.91383969766764783     
   1.0000000000000000        1.0145586211901381     



   6.2500000000000000E-002   2.7668843385663274E-002
  0.12500000000000000       0.10343823874206719     
  0.18750000000000000       0.21038472015965295     
  0.25000000000000000       0.32908718916395446     
  0.31250000000000000       0.44577645393188015     
  0.37500000000000000       0.55131581159648324     
  0.43750000000000000       0.63806795546157302     
  0.50000000000000000       0.70468560443984041     
  0.56250000000000000       0.75705147789615335     
  0.62500000000000000       0.79808838094053369     
  0.68750000000000000       0.82148235432180816     
  0.75000000000000000       0.82898155688051378     
  0.81250000000000000       0.83335820349982714     
  0.87500000000000000       0.85984820789553640     
  0.93750000000000000       0.91472803768122113     
   1.0000000000000000        1.0163089860316685     



   6.2500000000000000E-002   2.7158818815714632E-002
  0.12500000000000000       0.10178133334445424     
  0.18750000000000000       0.20762605063694131     
  0.25000000000000000       0.32562679435628966     
  0.31250000000000000       0.44207455392631873     
  0.37500000000000000       0.54748357266986947     
  0.43750000000000000       0.63436577751830014     
  0.50000000000000000       0.70115351720452057     
  0.56250000000000000       0.75351231529024776     
  0.62500000000000000       0.79470854528496315     
  0.68750000000000000       0.81828583431850521     
  0.75000000000000000       0.82637907175456449     
  0.81250000000000000       0.83174054364140815     
  0.87500000000000000       0.85924954645292873     
  0.93750000000000000       0.91549984475393031     
   1.0000000000000000        1.0179126329912167     



   6.2500000000000000E-002   2.6670637545965797E-002
  0.12500000000000000       0.10018343913042864     
  0.18750000000000000       0.20493502214688988     
  0.25000000000000000       0.32222315269628921     
  0.31250000000000000       0.43840506207045427     
  0.37500000000000000       0.54367953064341945     
  0.43750000000000000       0.63067479741955623     
  0.50000000000000000       0.69762809774546108     
  0.56250000000000000       0.75000241807938972     
  0.62500000000000000       0.79132767511830659     
  0.68750000000000000       0.81508350888988657     
  0.75000000000000000       0.82377281038451922     
  0.81250000000000000       0.83011568327673024     
  0.87500000000000000       0.85859774178925941     
  0.93750000000000000       0.91616211459212993     
   1.0000000000000000        1.0193833998465531     



   6.2500000000000000E-002   2.6202722953625666E-002
  0.12500000000000000        9.8641322983618621E-002
  0.18750000000000000       0.20231010082434697     
  0.25000000000000000       0.31887667805640513     
  0.31250000000000000       0.43476983441090417     
  0.37500000000000000       0.53990469018904030     
  0.43750000000000000       0.62699591413484301     
  0.50000000000000000       0.69410976270551306     
  0.56250000000000000       0.74651811019578840     
  0.62500000000000000       0.78794351574819765     
  0.68750000000000000       0.81187404856440248     
  0.75000000000000000       0.82115684710029535     
  0.81250000000000000       0.82847764683536362     
  0.87500000000000000       0.85789769911088565     
  0.93750000000000000       0.91672288908559607     
   1.0000000000000000        1.0207347785772352     



   6.2500000000000000E-002   2.5753704817504306E-002
  0.12500000000000000        9.7151953217735967E-002
  0.18750000000000000       0.19974964478318633     
  0.25000000000000000       0.31558754870637956     
  0.31250000000000000       0.43117031489456081     
  0.37500000000000000       0.53615962911638460     
  0.43750000000000000       0.62332972322817348     
  0.50000000000000000       0.69059874035397972     
  0.56250000000000000       0.74305617009730929     
  0.62500000000000000       0.78455461427103101     
  0.68750000000000000       0.80865642611836708     
  0.75000000000000000       0.81852646680557439     
  0.81250000000000000       0.82682146884315977     
  0.87500000000000000       0.85715413743265056     
  0.93750000000000000       0.91719072413130853     
   1.0000000000000000        1.0219794662875785     



   6.2500000000000000E-002   2.5322392820767096E-002
  0.12500000000000000        9.5712507785418260E-002
  0.18750000000000000       0.19725195213163257     
  0.25000000000000000       0.31235575871893878     
  0.31250000000000000       0.42760761637733663     
  0.37500000000000000       0.53244462766623124     
  0.43750000000000000       0.61967669327533359     
  0.50000000000000000       0.68709523632510716     
  0.56250000000000000       0.73961392446506458     
  0.62500000000000000       0.78116055619761271     
  0.68750000000000000       0.80543026450091348     
  0.75000000000000000       0.81587865248730818     
  0.81250000000000000       0.82514361923143409     
  0.87500000000000000       0.85637162013983370     
  0.93750000000000000       0.91757439743958169     
   1.0000000000000000        1.0231292242989811     



   6.2500000000000000E-002   2.4907743340239492E-002
  0.12500000000000000        9.4320371205452905E-002
  0.18750000000000000       0.19481529679859955     
  0.25000000000000000       0.30918115393878826     
  0.31250000000000000       0.42408258732429743     
  0.37500000000000000       0.52875977343399017     
  0.43750000000000000       0.61603730900111708     
  0.50000000000000000       0.68359956825268864     
  0.56250000000000000       0.73618929584544290     
  0.62500000000000000       0.77776206336587961     
  0.68750000000000000       0.80219607109544155     
  0.75000000000000000       0.81321236614312875     
  0.81250000000000000       0.82344230062801982     
  0.87500000000000000       0.85555470852557292     
  0.93750000000000000       0.91788277060446777     
   1.0000000000000000        1.0241949180110308     



   6.2500000000000000E-002   2.4508824667203877E-002
  0.12500000000000000        9.2973121620914145E-002
  0.18750000000000000       0.19243795136007275     
  0.25000000000000000       0.30606345405864366     
  0.31250000000000000       0.42059586815995470     
  0.37500000000000000       0.52510504603396257     
  0.43750000000000000       0.61241217053343111     
  0.50000000000000000       0.68011225786078067     
  0.56250000000000000       0.73278081202036527     
  0.62500000000000000       0.77436095404642935     
  0.68750000000000000       0.79895534384672340     
  0.75000000000000000       0.81052859214277106     
  0.81250000000000000       0.82171756083773706     
  0.87500000000000000       0.85470813034534465     
  0.93750000000000000       0.91812471765386405     
   1.0000000000000000        1.0251866166308652     



   6.2500000000000000E-002   2.4124786147472006E-002
  0.12500000000000000        9.1668512257579493E-002
  0.18750000000000000       0.19011820001038116     
  0.25000000000000000       0.30300226609600800     
  0.31250000000000000       0.41714794346653161     
  0.37500000000000000       0.52148038906800487     
  0.43750000000000000       0.60880205110696184     
  0.50000000000000000       0.67663408125810254     
  0.56250000000000000       0.72938758737204068     
  0.62500000000000000       0.77095999145871241     
  0.68750000000000000       0.79571056113423122     
  0.75000000000000000       0.80783016971285093     
  0.81250000000000000       0.81997121952868779     
  0.87500000000000000       0.85383689488384507     
  0.93750000000000000       0.91830906377862054     
   1.0000000000000000        1.0261136782286564     



   6.2500000000000000E-002   2.3754834841236763E-002
  0.12500000000000000        9.0404451789243043E-002
  0.18750000000000000       0.18785434589335884     
  0.25000000000000000       0.29999709464156982     
  0.31250000000000000       0.41373919421713745     
  0.37500000000000000       0.51788577528795632     
  0.43750000000000000       0.60520792323536277     
  0.50000000000000000       0.67316608629015862     
  0.56250000000000000       0.72600928700298584     
  0.62500000000000000       0.76756266385445293     
  0.68750000000000000       0.79246508571647523     
  0.75000000000000000       0.80512148261147798     
  0.81250000000000000       0.81820665406150839     
  0.87500000000000000       0.85294633311293444     
  0.93750000000000000       0.91844451448285613     
   1.0000000000000000        1.0269847967234109     



   6.2500000000000000E-002   2.3398220645442284E-002
  0.12500000000000000        8.9178986701758653E-002
  0.18750000000000000       0.18564471611226521     
  0.25000000000000000       0.29704735212344702     
  0.31250000000000000       0.41036994991832720     
  0.37500000000000000       0.51432126617919871     
  0.43750000000000000       0.60163096439479502     
  0.50000000000000000       0.66970958766316446     
  0.56250000000000000       0.72264608180746903     
  0.62500000000000000       0.76417294175194672     
  0.68750000000000000       0.78922301704592746     
  0.75000000000000000       0.80240808508097372     
  0.81250000000000000       0.81642850788244536     
  0.87500000000000000       0.85204207266595411     
  0.93750000000000000       0.91853957727490976     
   1.0000000000000000        1.0278080186760232     



   6.2500000000000000E-002   2.3054228696350668E-002
  0.12500000000000000        8.7990286938777265E-002
  0.18750000000000000       0.18348766617438350     
  0.25000000000000000       0.29415236974400338     
  0.31250000000000000       0.40704053622069719     
  0.37500000000000000       0.51078706216638792     
  0.43750000000000000       0.59807254933056364     
  0.50000000000000000       0.66626614722169597     
  0.56250000000000000       0.71929859769692617     
  0.62500000000000000       0.76079504656955121     
  0.68750000000000000       0.78598901706531632     
  0.75000000000000000       0.79969632510756483     
  0.81250000000000000       0.81464237404870465     
  0.87500000000000000       0.85112996430510057     
  0.93750000000000000       0.91860248007875711     
   1.0000000000000000        1.0285907420369393     



   6.2500000000000000E-002   2.2722176846061884E-002
  0.12500000000000000        8.6836634756550860E-002
  0.18750000000000000       0.18138158433290277     
  0.25000000000000000       0.29131140784443083     
  0.31250000000000000       0.40375131099876438     
  0.37500000000000000       0.50728353639004919     
  0.43750000000000000       0.59453423050719389     
  0.50000000000000000       0.66283754132482808     
  0.56250000000000000       0.71596785681605957     
  0.62500000000000000       0.75743324664537903     
  0.68750000000000000       0.78276812008364904     
  0.75000000000000000       0.79699299326705297     
  0.81250000000000000       0.81285447886223439     
  0.87500000000000000       0.85021596657147436     
  0.93750000000000000       0.91864108026023794     
   1.0000000000000000        1.0293396948196707     



   6.2500000000000000E-002   2.2401415968771592E-002
  0.12500000000000000        8.5716416066612400E-002
  0.18750000000000000       0.17932489561004283     
  0.25000000000000000       0.28852366359728321     
  0.31250000000000000       0.40050268191264532     
  0.37500000000000000       0.50381124465862248     
  0.43750000000000000       0.59101770411808530     
  0.50000000000000000       0.65942571304086839     
  0.56250000000000000       0.71265520521541836     
  0.62500000000000000       0.75409168036918628     
  0.68750000000000000       0.77956552692561731     
  0.75000000000000000       0.79430499680927680     
  0.81250000000000000       0.81107136499395915     
  0.87500000000000000       0.84930598363577792     
  0.93750000000000000       0.91866274866082376     
   1.0000000000000000        1.0300608755598188     



   6.2500000000000000E-002   2.2091331366644495E-002
  0.12500000000000000        8.4628113452180631E-002
  0.18750000000000000       0.17731606513399575     
  0.25000000000000000       0.28578827396380757     
  0.31250000000000000       0.39729510086721609     
  0.37500000000000000       0.50037090672954287     
  0.43750000000000000       0.58752475818801930     
  0.50000000000000000       0.65603270588567675     
  0.56250000000000000       0.70936222152076223     
  0.62500000000000000       0.75077419828774228     
  0.68750000000000000       0.77638638298612306     
  0.75000000000000000       0.79163904745567404     
  0.81250000000000000       0.80929956431050953     
  0.87500000000000000       0.84840565104153731     
  0.93750000000000000       0.91867421480106426     
   1.0000000000000000        1.0307594342559334     



   6.2500000000000000E-002   2.1791344191325140E-002
  0.12500000000000000        8.3570300224063990E-002
  0.18750000000000000       0.17535360054534663     
  0.25000000000000000       0.28310431247387396     
  0.31250000000000000       0.39412903465304605     
  0.37500000000000000       0.49696335852631363     
  0.43750000000000000       0.58405720156225593     
  0.50000000000000000       0.65266057816125067     
  0.56250000000000000       0.70609060455863615     
  0.62500000000000000       0.74748421774965224     
  0.68750000000000000       0.77323554844880915     
  0.75000000000000000       0.78900135957430240     
  0.81250000000000000       0.80754526098301882     
  0.87500000000000000       0.84752007853505384     
  0.93750000000000000       0.91868137462746358     
   1.0000000000000000        1.0314394882712743     



   6.2500000000000000E-002   2.1500912324525751E-002
  0.12500000000000000        8.2541635104311090E-002
  0.18750000000000000       0.17343605340130169     
  0.25000000000000000       0.28047077936537346     
  0.31250000000000000       0.39100491515956837     
  0.37500000000000000       0.49358947978209250     
  0.43750000000000000       0.58061677658425315     
  0.50000000000000000       0.64931130121472391     
  0.56250000000000000       0.70284204326114030     
  0.62500000000000000       0.74422459125049545     
  0.68750000000000000       0.77011738063632285     
  0.75000000000000000       0.78639737400687826     
  0.81250000000000000       0.80581396673323613     
  0.87500000000000000       0.84665358132359392     
  0.93750000000000000       0.91868908411211680     
   1.0000000000000000        1.0321038973368493     



   6.2500000000000000E-002   2.1219530492940349E-002
  0.12500000000000000        8.1540857276349632E-002
  0.18750000000000000       0.17156201961011908     
  0.25000000000000000       0.27788658587541071     
  0.31250000000000000       0.38792307588297742     
  0.37500000000000000       0.49025010559877730     
  0.43750000000000000       0.57720506229972057     
  0.50000000000000000       0.64598664929945104     
  0.56250000000000000       0.69961807764441442     
  0.62500000000000000       0.74099749741437948     
  0.68750000000000000       0.76703555539082990     
  0.75000000000000000       0.78383153805057215     
  0.81250000000000000       0.80411024765287997     
  0.87500000000000000       0.84580944798558622     
  0.93750000000000000       0.91870097939102968     
   1.0000000000000000        1.0327540524372503     



   6.2500000000000000E-002   2.0946729561838018E-002
  0.12500000000000000        8.0566781605142440E-002
  0.18750000000000000       0.16973013894907699     
  0.25000000000000000       0.27535053500448314     
  0.31250000000000000       0.38488368356179442     
  0.37500000000000000       0.48694593285665144     
  0.43750000000000000       0.57382337791523264     
  0.50000000000000000       0.64268809187809561     
  0.56250000000000000       0.69641996381811222     
  0.62500000000000000       0.73780436717572107     
  0.68750000000000000       0.76399295141057655     
  0.75000000000000000       0.78130717332951649     
  0.81250000000000000       0.80243754399170220     
  0.87500000000000000       0.84498979415459019     
  0.93750000000000000       0.91871936769522466     
   1.0000000000000000        1.0333897508465120     



   6.2500000000000000E-002   2.0682075030889899E-002
  0.12500000000000000        7.9618293851867250E-002
  0.18750000000000000       0.16793909370528454     
  0.25000000000000000       0.27286130281505472     
  0.31250000000000000       0.38188667476487331     
  0.37500000000000000       0.48367743334751595     
  0.43750000000000000       0.57047269765867359     
  0.50000000000000000       0.63941670074911949     
  0.56250000000000000       0.69324855819275055     
  0.62500000000000000       0.73464585622701062     
  0.68750000000000000       0.76099160910635144     
  0.75000000000000000       0.77882644882759866     
  0.81250000000000000       0.80079810814333419     
  0.87500000000000000       0.84419553383817236     
  0.93750000000000000       0.91874522099523503     
   1.0000000000000000        1.0340092249941180     



   6.2500000000000000E-002   2.0425164809889009E-002
  0.12500000000000000        7.8694345737954821E-002
  0.18750000000000000       0.16618760649218570     
  0.25000000000000000       0.27041742600094631     
  0.31250000000000000       0.37893170743070359     
  0.37500000000000000       0.48044478531743612     
  0.43750000000000000       0.56715358833471119     
  0.50000000000000000       0.63617308445440102     
  0.56250000000000000       0.69010423620717187     
  0.62500000000000000       0.73152187007641456     
  0.68750000000000000       0.75803275950012217     
  0.75000000000000000       0.77639045363401038     
  0.81250000000000000       0.79919305959442399     
  0.87500000000000000       0.84342647221684308     
  0.93750000000000000       0.91877828180739873     
   1.0000000000000000        1.0346093656546484     



   6.2500000000000000E-002   2.0175626415649534E-002
  0.12500000000000000        7.7793949786684025E-002
  0.18750000000000000       0.16447443737451800     
  0.25000000000000000       0.26801730248662831     
  0.31250000000000000       0.37601813675787127     
  0.37500000000000000       0.47724783398265125     
  0.43750000000000000       0.56386617987187149     
  0.50000000000000000       0.63295736113309775     
  0.56250000000000000       0.68698685894968159     
  0.62500000000000000       0.72843164272096761     
  0.68750000000000000       0.75511690623289374     
  0.75000000000000000       0.77399934428765693     
  0.81250000000000000       0.79762253157027807     
  0.87500000000000000       0.84268149713478779     
  0.93750000000000000       0.91881726763578442     
   1.0000000000000000        1.0351861371385631     



   6.2500000000000000E-002   1.9933113806012273E-002
  0.12500000000000000        7.6916173987735106E-002
  0.18750000000000000       0.16279838057599480     
  0.25000000000000000       0.26565921135701936     
  0.31250000000000000       0.37314502303277636     
  0.37500000000000000       0.47408608920489853     
  0.43750000000000000       0.56061017669561841     
  0.50000000000000000       0.62976917797048204     
  0.56250000000000000       0.68389579668715061     
  0.62500000000000000       0.72537386524464353     
  0.68750000000000000       0.75224393928339872     
  0.75000000000000000       0.77165253305079795     
  0.81250000000000000       0.79608587212853177     
  0.87500000000000000       0.84195883082147338     
  0.93750000000000000       0.91886014477205447     
   1.0000000000000000        1.0357351350947763     



   6.2500000000000000E-002   1.9697304129842618E-002
  0.12500000000000000        7.6060136460763553E-002
  0.18750000000000000       0.16115826119895404     
  0.25000000000000000       0.26334135573077389     
  0.31250000000000000       0.37031117524387147     
  0.37500000000000000       0.47095876423596844     
  0.43750000000000000       0.55738491320993810     
  0.50000000000000000       0.62660778003192263     
  0.56250000000000000       0.68083001117839970     
  0.62500000000000000       0.72234685603720794     
  0.68750000000000000       0.74941326192390945     
  0.75000000000000000       0.76934888667163925     
  0.81250000000000000       0.79458186402077136     
  0.87500000000000000       0.84125630102760596     
  0.93750000000000000       0.91890443590292992     
   1.0000000000000000        1.0362521990361457     



   6.2500000000000000E-002   1.9467894692067673E-002
  0.12500000000000000        7.5225000390990074E-002
  0.18750000000000000       0.15955293248180655     
  0.25000000000000000       0.26106192715282706     
  0.31250000000000000       0.36751522834949918     
  0.37500000000000000       0.46786485296170821     
  0.43750000000000000       0.55418944978460061     
  0.50000000000000000       0.62347212342982850     
  0.56250000000000000       0.67778818898760163     
  0.62500000000000000       0.71934875866967041     
  0.68750000000000000       0.74662391854369059     
  0.75000000000000000       0.76708691477978808     
  0.81250000000000000       0.79310893717227016     
  0.87500000000000000       0.84057159757231592     
  0.93750000000000000       0.91894752668720592     
   1.0000000000000000        1.0367339734727916     



   6.2500000000000000E-002   1.9244600388936224E-002
  0.12500000000000000        7.4409969531331874E-002
  0.18750000000000000       0.15798127409452900     
  0.25000000000000000       0.25881918371271623     
  0.31250000000000000       0.36475574464085952     
  0.37500000000000000       0.46480323520935235     
  0.43750000000000000       0.55102269736533094     
  0.50000000000000000       0.62036101861425297     
  0.56250000000000000       0.67476890746521978     
  0.62500000000000000       0.71637774689233547     
  0.68750000000000000       0.74387471589420406     
  0.75000000000000000       0.76486493632831154     
  0.81250000000000000       0.79166535775570290     
  0.87500000000000000       0.83990249014088614     
  0.93750000000000000       0.91898694049744178     
   1.0000000000000000        1.0371783207830818     



   6.2500000000000000E-002   1.9027151763854337E-002
  0.12500000000000000        7.3614284497250604E-002
  0.18750000000000000       0.15644219180218397     
  0.25000000000000000       0.25661152857393638     
  0.31250000000000000       0.36203132294235446     
  0.37500000000000000       0.46177279263881049     
  0.43750000000000000       0.54788355152985779     
  0.50000000000000000       0.61727328179706831     
  0.56250000000000000       0.67177080674672274     
  0.62500000000000000       0.71343221104328847     
  0.68750000000000000       0.74116433232059253     
  0.75000000000000000       0.76268121792519505     
  0.81250000000000000       0.79024938441462989     
  0.87500000000000000       0.83924699218071031     
  0.93750000000000000       0.91902055614983291     
   1.0000000000000000        1.0375845243857240     



   6.2500000000000000E-002   1.8815293698141326E-002
  0.12500000000000000        7.2837219944740905E-002
  0.18750000000000000       0.15493461854725968     
  0.25000000000000000       0.25443757347181423     
  0.31250000000000000       0.35934069623572379     
  0.37500000000000000       0.45877251440103406     
  0.43750000000000000       0.54477101353990309     
  0.50000000000000000       0.61420786940680827     
  0.56250000000000000       0.66879273856900001     
  0.62500000000000000       0.71051089985877125     
  0.68750000000000000       0.73849140983424399     
  0.75000000000000000       0.76053408012865320     
  0.81250000000000000       0.78885938562847413     
  0.87500000000000000       0.83860346346558645     
  0.93750000000000000       0.91904675123151092     
   1.0000000000000000        1.0379532712163646     



   6.2500000000000000E-002   1.8608784627689726E-002
  0.12500000000000000        7.2078082568315355E-002
  0.18750000000000000       0.15345751669708652     
  0.25000000000000000       0.25229617451564051     
  0.31250000000000000       0.35668280062315144     
  0.37500000000000000       0.45580157411253502     
  0.43750000000000000       0.54168427873670932     
  0.50000000000000000       0.61116397412018753     
  0.56250000000000000       0.66583386792814647     
  0.62500000000000000       0.70761299854861737     
  0.68750000000000000       0.73585462471640051     
  0.75000000000000000       0.75842196949656848     
  0.81250000000000000       0.78749391518936418     
  0.87500000000000000       0.83797065148071626     
  0.93750000000000000       0.91906446439211764     
   1.0000000000000000        1.0382864508755130     



   6.2500000000000000E-002   1.8407396102439931E-002
  0.12500000000000000        7.1336209736750839E-002
  0.18750000000000000       0.15200988096840434     
  0.25000000000000000       0.25018643466942941     
  0.31250000000000000       0.35405680603007378     
  0.37500000000000000       0.45285936744366773     
  0.43750000000000000       0.53862278107913175     
  0.50000000000000000       0.60814107077343227     
  0.56250000000000000       0.66289371549001697     
  0.62500000000000000       0.70473813703867805     
  0.68750000000000000       0.73325273488789267     
  0.75000000000000000       0.75634349720762661     
  0.81250000000000000       0.78615174708225977     
  0.87500000000000000       0.83734767953028777     
  0.93750000000000000       0.91907318261485249     
   1.0000000000000000        1.0385868400467009     



   6.2500000000000000E-002   1.8210912493954463E-002
  0.12500000000000000        7.0610968530665355E-002
  0.18750000000000000       0.15059074144354459     
  0.25000000000000000       0.24810767587339932     
  0.31250000000000000       0.35146210895180152     
  0.37500000000000000       0.44994550994829707     
  0.43750000000000000       0.53558619371800920     
  0.50000000000000000       0.60513891287928945     
  0.56250000000000000       0.65997214309797714     
  0.62500000000000000       0.70188633717214333     
  0.68750000000000000       0.73068460582621009     
  0.75000000000000000       0.75429744905643392     
  0.81250000000000000       0.78483187617394556     
  0.87500000000000000       0.83673399598312592     
  0.93750000000000000       0.91907287081348932     
   1.0000000000000000        1.0388577484561914     



   6.2500000000000000E-002   1.8019130695094206E-002
  0.12500000000000000        6.9901754958033052E-002
  0.18750000000000000       0.14919916614353887     
  0.25000000000000000       0.24605939055508494     
  0.31250000000000000       0.34889829611609258     
  0.37500000000000000       0.44705980380635946     
  0.43750000000000000       0.53257439514497584     
  0.50000000000000000       0.60215749104750937     
  0.56250000000000000       0.65706929658334423     
  0.62500000000000000       0.69905791902465342     
  0.68750000000000000       0.72814921968409763     
  0.75000000000000000       0.75228277482781403     
  0.81250000000000000       0.78353349501373581     
  0.87500000000000000       0.83612930231543003     
  0.93750000000000000       0.91906386759841840     
   1.0000000000000000        1.0391026901084801     



   6.2500000000000000E-002   1.7831859718730757E-002
  0.12500000000000000        6.9207993179205909E-002
  0.18750000000000000       0.14783426278357384     
  0.25000000000000000       0.24404118507144057     
  0.31250000000000000       0.34636509239718655     
  0.37500000000000000       0.44420218701759673     
  0.43750000000000000       0.52958741561645506     
  0.50000000000000000       0.59919697007623396     
  0.56250000000000000       0.65418552585614487     
  0.62500000000000000       0.69625339080948201     
  0.68750000000000000       0.72564567329532248     
  0.75000000000000000       0.75029856605197864     
  0.81250000000000000       0.78225595814641957     
  0.87500000000000000       0.83553347662167654     
  0.93750000000000000       0.91904677110854438     
   1.0000000000000000        1.0393251200413474     



   6.2500000000000000E-002   1.7648920164113614E-002
  0.12500000000000000        6.8529134642973971E-002
  0.18750000000000000       0.14649517954023547     
  0.25000000000000000       0.24205272630303515     
  0.31250000000000000       0.34386230609754181     
  0.37500000000000000       0.44137267861536789     
  0.43750000000000000       0.52662537856461855     
  0.50000000000000000       0.59625762122830306     
  0.56250000000000000       0.65132130145280198     
  0.62500000000000000       0.69347334401725924     
  0.68750000000000000       0.72317317000336800     
  0.75000000000000000       0.74834402984347037     
  0.81250000000000000       0.78099874360778399     
  0.87500000000000000       0.83494650490580224     
  0.93750000000000000       0.91902233353489637     
   1.0000000000000000        1.0395282522034861     



   6.2500000000000000E-002   1.7470143564429004E-002
  0.12500000000000000        6.7864657097282649E-002
  0.18750000000000000       0.14518110484644206     
  0.25000000000000000       0.24009369873063846     
  0.31250000000000000       0.34138978119376129     
  0.37500000000000000       0.43857133002805720     
  0.43750000000000000       0.52368844802522940     
  0.50000000000000000       0.59333976192473270     
  0.56250000000000000       0.64847714143232005     
  0.62500000000000000       0.69071836810978859     
  0.68750000000000000       0.72073100863889417     
  0.75000000000000000       0.74641846395206624     
  0.81250000000000000       0.77976141796721066     
  0.87500000000000000       0.83436842677650824     
  0.93750000000000000       0.91899137523564045     
   1.0000000000000000        1.0397149549308931     



   6.2500000000000000E-002   1.7295371653061949E-002
  0.12500000000000000        6.7214063481587649E-002
  0.18750000000000000       0.14389126636083724     
  0.25000000000000000       0.23816377488952706     
  0.31250000000000000       0.33894736147839077     
  0.37500000000000000       0.43579818799454340     
  0.43750000000000000       0.52077678806255967     
  0.50000000000000000       0.59044370937701407     
  0.56250000000000000       0.64565355576611982     
  0.62500000000000000       0.68798899078128450     
  0.68750000000000000       0.71831857145973810     
  0.75000000000000000       0.74452123554068572     
  0.81250000000000000       0.77854360791098254     
  0.87500000000000000       0.83379929713436274     
  0.93750000000000000       0.91895472205467266     
   1.0000000000000000        1.0398877093879670     



   6.2500000000000000E-002   1.7124455592568234E-002
  0.12500000000000000        6.6576880731393520E-002
  0.18750000000000000       0.14262492932355272     
  0.25000000000000000       0.23626259860461393     
  0.31250000000000000       0.33653486748162093     
  0.37500000000000000       0.43305327026400725     
  0.43750000000000000       0.51789053568915133     
  0.50000000000000000       0.58756974967066666     
  0.56250000000000000       0.64285100957056007     
  0.62500000000000000       0.68528564314967788     
  0.68750000000000000       0.71593531192155957     
  0.75000000000000000       0.74265176431716640     
  0.81250000000000000       0.77734497888211274     
  0.87500000000000000       0.83323916212839566     
  0.93750000000000000       0.91891316432353298     
   1.0000000000000000        1.0400486125143489     



   6.2500000000000000E-002   1.6957255205779110E-002
  0.12500000000000000        6.5952658533587172E-002
  0.18750000000000000       0.14138139451993742     
  0.25000000000000000       0.23438977843374018     
  0.31250000000000000       0.33415208446548700     
  0.37500000000000000       0.43033655257633113     
  0.43750000000000000       0.51502978581996151     
  0.50000000000000000       0.58471812053798189     
  0.56250000000000000       0.64006990281334375     
  0.62500000000000000       0.68260864532714027     
  0.68750000000000000       0.71358074274384764     
  0.75000000000000000       0.74080950963655612     
  0.81250000000000000       0.77616521993524212     
  0.87500000000000000       0.83268804616376946     
  0.93750000000000000       0.91886743339498944     
   1.0000000000000000        1.0401994071584479     



   6.2500000000000000E-002   1.6793638238797610E-002
  0.12500000000000000        6.5340968069476812E-002
  0.18750000000000000       0.14015999604748741     
  0.25000000000000000       0.23254488813652127     
  0.31250000000000000       0.33179875866555630     
  0.37500000000000000       0.42764796418258960     
  0.43750000000000000       0.51219458543329222     
  0.50000000000000000       0.58188900456791559     
  0.56250000000000000       0.63731056249050722     
  0.62500000000000000       0.67995820644108163     
  0.68750000000000000       0.71125442462958322     
  0.75000000000000000       0.73899396083879365     
  0.81250000000000000       0.77500403348658498     
  0.87500000000000000       0.83214594656577134     
  0.93750000000000000       0.91881819089024097     
   1.0000000000000000        1.0403415256885873     



   6.2500000000000000E-002   1.6633479675089120E-002
  0.12500000000000000        6.4741400775917016E-002
  0.18750000000000000       0.13896009903801379     
  0.25000000000000000       0.23072747126304899     
  0.31250000000000000       0.32947459889369346     
  0.37500000000000000       0.42498738902278183     
  0.43750000000000000       0.50938493391455142     
  0.50000000000000000       0.57908252941391747     
  0.56250000000000000       0.63457324313395091     
  0.62500000000000000       0.67733443351175271     
  0.68750000000000000       0.70895595596503902     
  0.75000000000000000       0.73720463008962223     
  0.81250000000000000       0.77386112866601509     
  0.87500000000000000       0.83161283303036826     
  0.93750000000000000       0.91876602633132731     
   1.0000000000000000        1.0404761375674965     



   6.2500000000000000E-002   1.6476661110694731E-002
  0.12500000000000000        6.4153567146904539E-002
  0.18750000000000000       0.13778109744130587     
  0.25000000000000000       0.22893704763471964     
  0.31250000000000000       0.32717928111273914     
  0.37500000000000000       0.42235467013089661     
  0.43750000000000000       0.50660078700728295     
  0.50000000000000000       0.57629877208508340     
  0.56250000000000000       0.63185813217602371     
  0.62500000000000000       0.67473734476127600     
  0.68750000000000000       0.70668496376201984     
  0.75000000000000000       0.73544104712365377     
  0.81250000000000000       0.77273621721083974     
  0.87500000000000000       0.83108864974013119     
  0.93750000000000000       0.91871145978941116     
   1.0000000000000000        1.0406041950776825     



   6.2500000000000000E-002   1.6323070193656784E-002
  0.12500000000000000        6.3577095590486576E-002
  0.18750000000000000       0.13662241193632529     
  0.25000000000000000       0.22717312022775893     
  0.31250000000000000       0.32491245426572601     
  0.37500000000000000       0.41974961549229312     
  0.43750000000000000       0.50384206247151020     
  0.50000000000000000       0.57353776517635391     
  0.56250000000000000       0.62916535762913139     
  0.62500000000000000       0.67216688428717697     
  0.68750000000000000       0.70444109599671367     
  0.75000000000000000       0.73370275543007490     
  0.81250000000000000       0.77162901110583104     
  0.87500000000000000       0.83057331872607743     
  0.93750000000000000       0.91865494717705143     
   1.0000000000000000        1.0407264741754645     



   6.2500000000000000E-002   1.6172600126058617E-002
  0.12500000000000000        6.3011631349570274E-002
  0.18750000000000000       0.13548348800467119     
  0.25000000000000000       0.22543518159226522     
  0.31250000000000000       0.32267374626577938     
  0.37500000000000000       0.41717200420195261     
  0.43750000000000000       0.50110864620194451     
  0.50000000000000000       0.57079950363223542     
  0.56250000000000000       0.62649499641782946     
  0.62500000000000000       0.66962293622556734     
  0.68750000000000000       0.70222401537693846     
  0.75000000000000000       0.73198930953378794     
  0.81250000000000000       0.77053922139929365     
  0.87500000000000000       0.83006674360443788     
  0.93750000000000000       0.91859688664658712     
   1.0000000000000000        1.0408436093178599     



   6.2500000000000000E-002   1.6025149224268457E-002
  0.12500000000000000        6.2456835490471325E-002
  0.18750000000000000       0.13436379417883554     
  0.25000000000000000       0.22372271938979399     
  0.31250000000000000       0.32046276953631103     
  0.37500000000000000       0.41462159226403189     
  0.43750000000000000       0.49840039807851549     
  0.50000000000000000       0.56808395122486888     
  0.56250000000000000       0.62384708239388753     
  0.62500000000000000       0.66710533742376776     
  0.68750000000000000       0.70003339446416857     
  0.75000000000000000       0.73030027310553081     
  0.81250000000000000       0.76946655779491702     
  0.87500000000000000       0.82956881320086284     
  0.93750000000000000       0.91853762517301929     
   1.0000000000000000        1.0409561222222121     



   6.2500000000000000E-002   1.5880620531564339E-002
  0.12500000000000000        6.1912383959669491E-002
  0.18750000000000000       0.13326282046334634     
  0.25000000000000000       0.22203522092133313     
  0.31250000000000000       0.31827912582265955     
  0.37500000000000000       0.41209811771577037     
  0.43750000000000000       0.49571715718715781     
  0.50000000000000000       0.56539104633883464     
  0.56250000000000000       0.62122161354911465     
  0.62500000000000000       0.66461388823952383     
  0.68750000000000000       0.69786891200461620     
  0.75000000000000000       0.72863521769271111     
  0.81250000000000000       0.76841072874055172     
  0.87500000000000000       0.82907940482179232     
  0.93750000000000000       0.91847746481759840     
   1.0000000000000000        1.0410644451003146     



   6.2500000000000000E-002   1.5738921476854715E-002
  0.12500000000000000        6.1377966707000242E-002
  0.18750000000000000       0.13218007691839903     
  0.25000000000000000       0.22037217668171688     
  0.31250000000000000       0.31612241020089088     
  0.37500000000000000       0.40960130497405373     
  0.43750000000000000       0.49305874628104773     
  0.50000000000000000       0.56272070691608556     
  0.56250000000000000       0.61861855824739520     
  0.62500000000000000       0.66214836144153322     
  0.68750000000000000       0.69573025028686641     
  0.75000000000000000       0.72699372190683087     
  0.81250000000000000       0.76737144182051564     
  0.87500000000000000       0.82859838708129863     
  0.93750000000000000       0.91841666843290470     
   1.0000000000000000        1.0411689391487307     



   6.2500000000000000E-002   1.5599963573341136E-002
  0.12500000000000000        6.0853286872135121E-002
  0.18750000000000000       0.13111509239129104     
  0.25000000000000000       0.21873308305584749     
  0.31250000000000000       0.31399221432203694     
  0.37500000000000000       0.40713086842434093     
  0.43750000000000000       0.49042497548562702     
  0.50000000000000000       0.56007283456398549     
  0.56250000000000000       0.61603786047313358     
  0.62500000000000000       0.65970850937384096     
  0.68750000000000000       0.69361709333556321     
  0.75000000000000000       0.72537537093883997     
  0.81250000000000000       0.76634840431817541     
  0.87500000000000000       0.82812562227473385     
  0.93750000000000000       0.91835546472700280     
   1.0000000000000000        1.0412699091183082     



   6.2500000000000000E-002   1.5463662151436278E-002
  0.12500000000000000        6.0338060030444021E-002
  0.18750000000000000       0.13006741337942820     
  0.25000000000000000       0.21711744429926177     
  0.31250000000000000       0.31188812898251300     
  0.37500000000000000       0.40468651533089006     
  0.43750000000000000       0.48781564531767047     
  0.50000000000000000       0.55744731790446356     
  0.56250000000000000       0.61347944418185341     
  0.62500000000000000       0.65729406962554049     
  0.68750000000000000       0.69152912576185832     
  0.75000000000000000       0.72377975630292191     
  0.81250000000000000       0.76534132385812437     
  0.87500000000000000       0.82766096833252534     
  0.93750000000000000       0.91829405269080011     
   1.0000000000000000        1.0413676147248356     



   6.2500000000000000E-002   1.5329936120875826E-002
  0.12500000000000000        5.9832013494004549E-002
  0.18750000000000000       0.12903660300882133     
  0.25000000000000000       0.21552477394390523     
  0.31250000000000000       0.30980974612804274     
  0.37500000000000000       0.40226794816860884     
  0.43750000000000000       0.48523054911479735     
  0.50000000000000000       0.55484403527161963     
  0.56250000000000000       0.61094321687393194     
  0.62500000000000000       0.65490476946270970     
  0.68750000000000000       0.68946603211315394     
  0.75000000000000000       0.72220647573332264     
  0.81250000000000000       0.76434990906755196     
  0.87500000000000000       0.82720428040534821     
  0.93750000000000000       0.91823260543566965     
   1.0000000000000000        1.0414622795586155     



   6.2500000000000000E-002   1.5198707757632244E-002
  0.12500000000000000        5.9334885663472177E-002
  0.18750000000000000       0.12802224011307961     
  0.25000000000000000       0.21395459575461670     
  0.31250000000000000       0.30775666039571281     
  0.37500000000000000       0.39987486647740050     
  0.43750000000000000       0.48266947497520163     
  0.50000000000000000       0.55226285686886956     
  0.56250000000000000       0.60842907251775624     
  0.62500000000000000       0.65254032926187322     
  0.68750000000000000       0.68742749659052815     
  0.75000000000000000       0.72065513317841401     
  0.81250000000000000       0.76337387021795011     
  0.87500000000000000       0.82675541213616421     
  0.93750000000000000       0.91817127350586802     
   1.0000000000000000        1.0415540980368982     



   6.2500000000000000E-002   1.5069902511889300E-002
  0.12500000000000000        5.8846425426650174E-002
  0.18750000000000000       0.12702391839943275     
  0.25000000000000000       0.21240644434152578     
  0.31250000000000000       0.30572847028706795     
  0.37500000000000000       0.39750696833030008     
  0.43750000000000000       0.48013220729930101     
  0.50000000000000000       0.54970364648768177     
  0.56250000000000000       0.60593689393899930     
  0.62500000000000000       0.65020046515252661     
  0.68750000000000000       0.68541320302791853     
  0.75000000000000000       0.71912533885163310     
  0.81250000000000000       0.76241291982339210     
  0.87500000000000000       0.82631421667203120     
  0.93750000000000000       0.91811018773377473     
   1.0000000000000000        1.0416432408362835     



   6.2500000000000000E-002   1.4943448833930685E-002
  0.12500000000000000        5.8366391599824964E-002
  0.18750000000000000       0.12604124568999051     
  0.25000000000000000       0.21087986551323976     
  0.31250000000000000       0.30372477905044853     
  0.37500000000000000       0.39516395149327277     
  0.43750000000000000       0.47761852801239274     
  0.50000000000000000       0.54716626287578340     
  0.56250000000000000       0.60346655477704136     
  0.62500000000000000       0.64788489104093361     
  0.68750000000000000       0.68342283505033219     
  0.75000000000000000       0.71761670931099364     
  0.81250000000000000       0.76146677318218570     
  0.87500000000000000       0.82588054746276118     
  0.93750000000000000       0.91804946170226920     
   1.0000000000000000        1.0417298591498900     



   6.2500000000000000E-002   1.4819278015318906E-002
  0.12500000000000000        5.7894552408208712E-002
  0.18750000000000000       0.12507384322808218     
  0.25000000000000000       0.20937441643747487     
  0.31250000000000000       0.30174519533620958     
  0.37500000000000000       0.39284551434073534     
  0.43750000000000000       0.47512821753385481     
  0.50000000000000000       0.54465056082760976     
  0.56250000000000000       0.60101792109266072     
  0.62500000000000000       0.64559332015397819     
  0.68750000000000000       0.68145607634810379     
  0.75000000000000000       0.71612886754780836     
  0.81250000000000000       0.76053514885582452     
  0.87500000000000000       0.82545425888673629     
  0.93750000000000000       0.91798919387183775     
   1.0000000000000000        1.0418140880376427     



   6.2500000000000000E-002   1.4697324043191056E-002
  0.12500000000000000        5.7430685002130381E-002
  0.18750000000000000       0.12412134504102733     
  0.25000000000000000       0.20788966566050457     
  0.31250000000000000       0.29978933367546468     
  0.37500000000000000       0.39055135657829027     
  0.43750000000000000       0.47266105554592241     
  0.50000000000000000       0.54215639205573751     
  0.56250000000000000       0.59859085269538359     
  0.62500000000000000       0.64332546621280895     
  0.68750000000000000       0.67951261102032368     
  0.75000000000000000       0.71466144307198043     
  0.81250000000000000       0.75961776908393430     
  0.87500000000000000       0.82503520673749486     
  0.93750000000000000       0.91792946942238063     
   1.0000000000000000        1.0418960490768465     



   6.2500000000000000E-002   1.4577523465876171E-002
  0.12500000000000000        5.6974575005911778E-002
  0.18750000000000000       0.12318339735201721     
  0.25000000000000000       0.20642519302448600     
  0.31250000000000000       0.29785681482208320     
  0.37500000000000000       0.38828117981341764     
  0.43750000000000000       0.47021682160423833     
  0.50000000000000000       0.53968360588995890     
  0.56250000000000000       0.59618520424527233     
  0.62500000000000000       0.64108104432183177     
  0.68750000000000000       0.67759212395332080     
  0.75000000000000000       0.71321407198597075     
  0.81250000000000000       0.75871436013694038     
  0.87500000000000000       0.82462324859868386     
  0.93750000000000000       0.91787036185223025     
   1.0000000000000000        1.0419758524720981     



   6.2500000000000000E-002   1.4459815268354236E-002
  0.12500000000000000        5.6526016096650887E-002
  0.18750000000000000       0.12225965803494843     
  0.25000000000000000       0.20498058951204701     
  0.31250000000000000       0.29594726598882193     
  0.37500000000000000       0.38603468800608265     
  0.43750000000000000       0.46779529562341016     
  0.50000000000000000       0.53723204984067185     
  0.56250000000000000       0.59380082617265950     
  0.62500000000000000       0.63885977163919017     
  0.68750000000000000       0.67569430120993179     
  0.75000000000000000       0.71178639704290902     
  0.81250000000000000       0.75782465261001297     
  0.87500000000000000       0.82421824412973532     
  0.93750000000000000       0.91781193437028519     
   1.0000000000000000        1.0420535987463160     



   6.2500000000000000E-002   1.4344140756335423E-002
  0.12500000000000000        5.6084809610399182E-002
  0.18750000000000000       0.12134979610702287     
  0.25000000000000000       0.20355545704008621     
  0.31250000000000000       0.29406032100146762     
  0.37500000000000000       0.38381158782420682     
  0.43750000000000000       0.46539625826366032     
  0.50000000000000000       0.53480157005524276     
  0.56250000000000000       0.59143756545025394     
  0.62500000000000000       0.63666136787954819     
  0.68750000000000000       0.67381883041277180     
  0.75000000000000000       0.71037806768670297     
  0.81250000000000000       0.75694838166286438     
  0.87500000000000000       0.82382005528028535     
  0.93750000000000000       0.91775424111130566     
   1.0000000000000000        1.0421293801060343     



   6.2500000000000000E-002   1.4230443447951512E-002
  0.12500000000000000        5.5650764173464977E-002
  0.18750000000000000       0.12045349125475399     
  0.25000000000000000       0.20214940821905752     
  0.31250000000000000       0.29219562038940944     
  0.37500000000000000       0.38161158892339919     
  0.43750000000000000       0.46301949123889291     
  0.50000000000000000       0.53239201168964745     
  0.56250000000000000       0.58909526624484154     
  0.62500000000000000       0.63448555568810050     
  0.68750000000000000       0.67196540111031933     
  0.75000000000000000       0.70898874007343915     
  0.81250000000000000       0.75608528721043078     
  0.87500000000000000       0.82342854644775842     
  0.93750000000000000       0.91769732819963956     
   1.0000000000000000        1.0422032815522562     



   6.2500000000000000E-002   1.4118668972222158E-002
  0.12500000000000000        5.5223695356794188E-002
  0.18750000000000000       0.11957043338970356     
  0.25000000000000000       0.20076206608975933     
  0.31250000000000000       0.29035281142683256     
  0.37500000000000000       0.37943440416610325     
  0.43750000000000000       0.46066477756212765     
  0.50000000000000000       0.53000321921279170     
  0.56250000000000000       0.58677377047015578     
  0.62500000000000000       0.63233206091554128     
  0.68750000000000000       0.67013370511868864     
  0.75000000000000000       0.70761807707451285     
  0.81250000000000000       0.75523511406957733     
  0.87500000000000000       0.82304358458965043     
  0.93750000000000000       0.91764123468246794     
   1.0000000000000000        1.0422753817915371     



   6.2500000000000000E-002   1.4008764973599342E-002
  0.12500000000000000        5.4803425351582419E-002
  0.18750000000000000       0.11870032223084533     
  0.25000000000000000       0.19939306384644798     
  0.31250000000000000       0.28853154813551096     
  0.37500000000000000       0.37727974979196743     
  0.43750000000000000       0.45833190174074312     
  0.50000000000000000       0.52763503665704470     
  0.56250000000000000       0.58447291825807901     
  0.62500000000000000       0.63020061281677309     
  0.68750000000000000       0.66832343683498974     
  0.75000000000000000       0.70626574826242716     
  0.81250000000000000       0.75439761206680356     
  0.87500000000000000       0.82266503929971091     
  0.93750000000000000       0.91758599335043511     
   1.0000000000000000        1.0423457539892778     



   6.2500000000000000E-002   1.3900681022005770E-002
  0.12500000000000000        5.4389782664448265E-002
  0.18750000000000000       0.11784286691091403     
  0.25000000000000000       0.19804204455272154     
  0.31250000000000000       0.28673149125769481     
  0.37500000000000000       0.37514734554869900     
  0.43750000000000000       0.45602064993132568     
  0.50000000000000000       0.52528730782557609     
  0.56250000000000000       0.58219254836190393     
  0.62500000000000000       0.62809094419071643     
  0.68750000000000000       0.66653429352026683     
  0.75000000000000000       0.70493142988064783     
  0.81250000000000000       0.75357253611170250     
  0.87500000000000000       0.82229278285537000     
  0.93750000000000000       0.91753163146061367     
   1.0000000000000000        1.0424144663976900     



   6.2500000000000000E-002   1.3794368527874436E-002
  0.12500000000000000        5.3982601830657881E-002
  0.18750000000000000       0.11699778560449155     
  0.25000000000000000       0.19670866085485211     
  0.31250000000000000       0.28495230820569267     
  0.37500000000000000       0.37303691479073908     
  0.43750000000000000       0.45373081006184030     
  0.50000000000000000       0.52295987646483133     
  0.56250000000000000       0.57993249850271666     
  0.62500000000000000       0.62600279147459648     
  0.68750000000000000       0.66476597555148542     
  0.75000000000000000       0.70361480479900951     
  0.81250000000000000       0.75275964624052771     
  0.87500000000000000       0.82192669024225140     
  0.93750000000000000       0.91747817137459575     
   1.0000000000000000        1.0424815828835057     



   6.2500000000000000E-002   1.3689780661769308E-002
  0.12500000000000000        5.3581723144036190E-002
  0.18750000000000000       0.11616480517590039     
  0.25000000000000000       0.19539257469593496     
  0.31250000000000000       0.28319367299331427     
  0.37500000000000000       0.37094818455153045     
  0.43750000000000000       0.45146217192725879     
  0.50000000000000000       0.52065258640866285     
  0.56250000000000000       0.57769260566784808     
  0.62500000000000000       0.62393589480293321     
  0.68750000000000000       0.66301818664307932     
  0.75000000000000000       0.70231556245627325     
  0.81250000000000000       0.75195870763390338     
  0.87500000000000000       0.82156663916049344     
  0.93750000000000000       0.91742563112251896     
   1.0000000000000000        1.0425471633749739     



   6.2500000000000000E-002   1.3586872278228192E-002
  0.12500000000000000        5.3186992402323260E-002
  0.18750000000000000       0.11534366084523878     
  0.25000000000000000       0.19409345703326167     
  0.31250000000000000       0.28145526615323152     
  0.37500000000000000       0.36888088559402138     
  0.43750000000000000       0.44921452726350103     
  0.50000000000000000       0.51836528169933793     
  0.56250000000000000       0.57547270636871151     
  0.62500000000000000       0.62188999803914513     
  0.68750000000000000       0.66129063403923127     
  0.75000000000000000       0.70103339879138959     
  0.81250000000000000       0.75116949061225780     
  0.87500000000000000       0.82121251001661066     
  0.93750000000000000       0.91737402490233300     
   1.0000000000000000        1.0426112642434453     



   6.2500000000000000E-002   1.3485599843514938E-002
  0.12500000000000000        5.2798260666851143E-002
  0.18750000000000000       0.11453409587110884     
  0.25000000000000000       0.19281098756060375     
  0.31250000000000000       0.27973677464344721     
  0.37500000000000000       0.36683475244314395     
  0.43750000000000000       0.44698766980363847     
  0.50000000000000000       0.51609780668955252     
  0.56250000000000000       0.57327263686405949     
  0.62500000000000000       0.61986484878586590     
  0.68750000000000000       0.65958302867847307     
  0.75000000000000000       0.69976801616497353     
  0.81250000000000000       0.75039177061226103     
  0.87500000000000000       0.82086418590391541     
  0.93750000000000000       0.91732336352224408     
   1.0000000000000000        1.0426739386315222     



   6.2500000000000000E-002   1.3385921367009539E-002
  0.12500000000000000        5.2415384035516023E-002
  0.18750000000000000       0.11373586124877733     
  0.25000000000000000       0.19154485443656660     
  0.31250000000000000       0.27803789174542437     
  0.37500000000000000       0.36480952340326855     
  0.43750000000000000       0.44478139531947020     
  0.50000000000000000       0.51385000612875342     
  0.56250000000000000       0.57109223335360648     
  0.62500000000000000       0.61786019837871864     
  0.68750000000000000       0.65789508533244856     
  0.75000000000000000       0.69851912327235643     
  0.81250000000000000       0.74962532814711458     
  0.87500000000000000       0.82052155257392523     
  0.93750000000000000       0.91727365479326128     
   1.0000000000000000        1.0427352367373073     



